173+Cancer Related Fatigue+Gary M Reisfield MD and George R Wilson MD
Non-Pain Symptoms and Syndromes
